$dipgrad          cartesian dipole gradients
  0.65175137185771D-01  -.71564296069796D-01  0.00000000000000D+00
  -.71564296069769D-01  -.17460194014782D-01  0.00000000000000D+00
  0.00000000000000D+00  0.00000000000000D+00  -.11823769764794D+00
  0.65175137185769D-01  0.71564296069796D-01  0.00000000000000D+00
  0.71564296069768D-01  -.17460194014783D-01  0.00000000000000D+00
  0.00000000000000D+00  0.00000000000000D+00  -.11823769764794D+00
  -.58777859615034D-01  -.53514101651516D-15  0.00000000000000D+00
  0.19569425696890D-15  0.10649280278607D+00  0.00000000000000D+00
  0.00000000000000D+00  0.00000000000000D+00  -.11823769764794D+00
  0.65175137185772D-01  -.71564296069795D-01  0.00000000000000D+00
  -.71564296069769D-01  -.17460194014781D-01  0.00000000000000D+00
  0.00000000000000D+00  0.00000000000000D+00  -.11823769764794D+00
  0.65175137185771D-01  0.71564296069796D-01  0.00000000000000D+00
  0.71564296069768D-01  -.17460194014780D-01  0.00000000000000D+00
  0.00000000000000D+00  0.00000000000000D+00  -.11823769764794D+00
  -.58777859615033D-01  -.54091524011660D-16  0.00000000000000D+00
  0.26665359509218D-15  0.10649280278606D+00  0.00000000000000D+00
  0.00000000000000D+00  0.00000000000000D+00  -.11823769764794D+00
  -.66672997035300D-01  0.74158665584201D-01  0.00000000000000D+00
  0.74158665584205D-01  0.18958054040257D-01  0.00000000000000D+00
  0.00000000000000D+00  0.00000000000000D+00  0.11823769773590D+00
  -.66672997035301D-01  -.74158665584201D-01  0.00000000000000D+00
  -.74158665584205D-01  0.18958054040256D-01  0.00000000000000D+00
  0.00000000000000D+00  0.00000000000000D+00  0.11823769773590D+00
  0.61773579578040D-01  0.18485832329335D-16  0.00000000000000D+00
  0.26216940266941D-16  -.10948852257308D+00  0.00000000000000D+00
  0.00000000000000D+00  0.00000000000000D+00  0.11823769773590D+00
  -.66672997035301D-01  0.74158665584201D-01  0.00000000000000D+00
  0.74158665584205D-01  0.18958054040256D-01  0.00000000000000D+00
  0.00000000000000D+00  0.00000000000000D+00  0.11823769773590D+00
  -.66672997035300D-01  -.74158665584201D-01  0.00000000000000D+00
  -.74158665584205D-01  0.18958054040256D-01  0.00000000000000D+00
  0.00000000000000D+00  0.00000000000000D+00  0.11823769773590D+00
  0.61773579578040D-01  -.24150603392115D-16  0.00000000000000D+00
  -.13210325845378D-16  -.10948852257308D+00  0.00000000000000D+00
  0.00000000000000D+00  0.00000000000000D+00  0.11823769773590D+00
$end
