$grad          cartesian gradients
  cycle =      1    SCF energy =     -232.0725369223   |dE/dxyz| =  0.042942
    2.27353301545502     -1.31262489848446      0.00000000000000      c
    2.27353301545502      1.31262489848446      0.00000000000000      c
    0.00000000000000      2.62524979696891      0.00000000000000      c
   -2.27353301545502      1.31262489848446      0.00000000000000      c
   -2.27353301545502     -1.31262489848446      0.00000000000000      c
    0.00000000000000     -2.62524979696891      0.00000000000000      c
    4.03777188872899     -2.33120868688398      0.00000000000000      h
    4.03777188872899      2.33120868688398      0.00000000000000      h
    0.00000000000000      4.66241737376797      0.00000000000000      h
   -4.03777188872899      2.33120868688398      0.00000000000000      h
   -4.03777188872899     -2.33120868688398      0.00000000000000      h
    0.00000000000000     -4.66241737376797      0.00000000000000      h
  0.60412137706489D-03  -.34878963967048D-03  0.00000000000000D+00
  0.60412137706489D-03  0.34878963967018D-03  0.00000000000000D+00
  0.00000000000000D+00  0.69757927934185D-03  0.00000000000000D+00
  -.60412137706637D-03  0.34878963967315D-03  0.00000000000000D+00
  -.60412137706637D-03  -.34878963967344D-03  0.00000000000000D+00
  0.00000000000000D+00  -.69757927934215D-03  0.00000000000000D+00
  -.15170230025440D-01  0.87585363888564D-02  0.00000000000000D+00
  -.15170230025440D-01  -.87585363888564D-02  0.00000000000000D+00
  0.00000000000000D+00  -.17517072777713D-01  0.00000000000000D+00
  0.15170230025440D-01  -.87585363888561D-02  0.00000000000000D+00
  0.15170230025440D-01  0.87585363888561D-02  0.00000000000000D+00
  0.00000000000000D+00  0.17517072777713D-01  0.00000000000000D+00
  cycle =      2    SCF energy =     -232.0764471779   |dE/dxyz| =  0.007367
    2.29677982458368     -1.32604644999269      0.00000000000000      c
    2.29677982458368      1.32604644999269      0.00000000000000      c
    0.00000000000000      2.65209289998538      0.00000000000000      c
   -2.29677982458368      1.32604644999269      0.00000000000000      c
   -2.29677982458368     -1.32604644999269      0.00000000000000      c
    0.00000000000000     -2.65209289998538      0.00000000000000      c
    4.09456830375429     -2.36400011238784      0.00000000000000      h
    4.09456830375429      2.36400011238784      0.00000000000000      h
    0.00000000000000      4.72800022477570      0.00000000000000      h
   -4.09456830375429      2.36400011238784      0.00000000000000      h
   -4.09456830375429     -2.36400011238784      0.00000000000000      h
    0.00000000000000     -4.72800022477570      0.00000000000000      h
  0.39161582064947D-03  -.22609949946991D-03  0.00000000000000D+00
  0.39161582064888D-03  0.22609949946932D-03  0.00000000000000D+00
  0.00000000000000D+00  0.45219899893612D-03  0.00000000000000D+00
  -.39161582064947D-03  0.22609949947228D-03  0.00000000000000D+00
  -.39161582064947D-03  -.22609949947228D-03  0.00000000000000D+00
  0.00000000000000D+00  -.45219899893678D-03  0.00000000000000D+00
  -.25748775327685D-02  0.14866062366743D-02  0.00000000000000D+00
  -.25748775327685D-02  -.14866062366743D-02  0.00000000000000D+00
  0.00000000000000D+00  -.29732124733487D-02  0.00000000000000D+00
  0.25748775327688D-02  -.14866062366739D-02  0.00000000000000D+00
  0.25748775327689D-02  0.14866062366739D-02  0.00000000000000D+00
  0.00000000000000D+00  0.29732124733489D-02  0.00000000000000D+00
  cycle =      3    SCF energy =     -232.0765625911   |dE/dxyz| =  0.000693
    2.30093994890494     -1.32844829888943      0.00000000000000      c
    2.30093994890494      1.32844829888943      0.00000000000000      c
    0.00000000000000      2.65689659777887      0.00000000000000      c
   -2.30093994890494      1.32844829888943      0.00000000000000      c
   -2.30093994890494     -1.32844829888943      0.00000000000000      c
    0.00000000000000     -2.65689659777887      0.00000000000000      c
    4.10552663496158     -2.37032690786024      0.00000000000000      h
    4.10552663496158      2.37032690786024      0.00000000000000      h
    0.00000000000000      4.74065381572050      0.00000000000000      h
   -4.10552663496158      2.37032690786024      0.00000000000000      h
   -4.10552663496158     -2.37032690786024      0.00000000000000      h
    0.00000000000000     -4.74065381572050      0.00000000000000      h
  0.13888020744002D-03  -.80182525150481D-04  0.00000000000000D+00
  0.13888020744002D-03  0.80182525150185D-04  0.00000000000000D+00
  0.00000000000000D+00  0.16036505029974D-03  0.00000000000000D+00
  -.13888020744179D-03  0.80182525152554D-04  0.00000000000000D+00
  -.13888020744120D-03  -.80182525152554D-04  0.00000000000000D+00
  0.00000000000000D+00  -.16036505029996D-03  0.00000000000000D+00
  -.20184039674172D-03  0.11653260739223D-03  0.00000000000000D+00
  -.20184039674180D-03  -.11653260739227D-03  0.00000000000000D+00
  0.00000000000000D+00  -.23306521478467D-03  0.00000000000000D+00
  0.20184039674187D-03  -.11653260739176D-03  0.00000000000000D+00
  0.20184039674194D-03  0.11653260739175D-03  0.00000000000000D+00
  0.00000000000000D+00  0.23306521478467D-03  0.00000000000000D+00
  cycle =      4    SCF energy =     -232.0765631365   |dE/dxyz| =  0.000086
    2.30109352543158     -1.32853696633843      0.00000000000000      c
    2.30109352543158      1.32853696633843      0.00000000000000      c
    0.00000000000000      2.65707393267686      0.00000000000000      c
   -2.30109352543158      1.32853696633843      0.00000000000000      c
   -2.30109352543158     -1.32853696633843      0.00000000000000      c
    0.00000000000000     -2.65707393267686      0.00000000000000      c
    4.10623159200672     -2.37073391500002      0.00000000000000      h
    4.10623159200672      2.37073391500002      0.00000000000000      h
    0.00000000000000      4.74146783000006      0.00000000000000      h
   -4.10623159200672      2.37073391500002      0.00000000000000      h
   -4.10623159200672     -2.37073391500002      0.00000000000000      h
    0.00000000000000     -4.74146783000006      0.00000000000000      h
  0.26478213651130D-04  -.15287203779302D-04  0.00000000000000D+00
  0.26478213651278D-04  0.15287203779894D-04  0.00000000000000D+00
  0.00000000000000D+00  0.30574407556938D-04  0.00000000000000D+00
  -.26478213653499D-04  0.15287203781374D-04  0.00000000000000D+00
  -.26478213652463D-04  -.15287203781078D-04  0.00000000000000D+00
  0.00000000000000D+00  -.30574407557012D-04  0.00000000000000D+00
  -.14651068479865D-04  0.84587983308441D-05  0.00000000000000D+00
  -.14651068479884D-04  -.84587983308534D-05  0.00000000000000D+00
  0.00000000000000D+00  -.16917596661614D-04  0.00000000000000D+00
  0.14651068480124D-04  -.84587983302982D-05  0.00000000000000D+00
  0.14651068480143D-04  0.84587983302982D-05  0.00000000000000D+00
  0.00000000000000D+00  0.16917596661651D-04  0.00000000000000D+00
$end
