$hessian (projected)
 1  1   0.6897583696  -0.0215860636   0.0000000000  -0.1164248694   0.0286491755
 1  2   0.0000000000   0.0279475225   0.0258826897   0.0000000000  -0.0153587651
 1  3  -0.0245235533   0.0000000000  -0.0522032245   0.0203923657   0.0000000000
 1  4  -0.2812962038  -0.1238376848   0.0000000000  -0.2527672475   0.1141856910
 1  5   0.0000000000   0.0028919064  -0.0274519512   0.0000000000  -0.0042078659
 1  6   0.0032206686   0.0000000000   0.0004050314  -0.0008455796   0.0000000000
 1  7  -0.0027687499   0.0027266524   0.0000000000   0.0040240962   0.0031875895
 1  8   0.0000000000
 2  1  -0.0215860636   0.6648329304   0.0000000000  -0.0286491755  -0.3362533152
 2  2   0.0000000000   0.0666674211  -0.0254863088   0.0000000000  -0.0245235533
 2  3  -0.0436761254   0.0000000000  -0.0203923657   0.0546644382   0.0000000000
 2  4  -0.0665393337  -0.1713819809   0.0000000000   0.1141856910  -0.1209169687
 2  5   0.0000000000   0.0025339194  -0.0099849395   0.0000000000   0.0018957784
 2  6   0.0006649375   0.0000000000  -0.0008455796  -0.0005713598   0.0000000000
 2  7   0.0040515427  -0.0007741785   0.0000000000  -0.0267982810  -0.0111171294
 2  8   0.0000000000
 3  1   0.0000000000   0.0000000000   0.1293795754   0.0000000000   0.0000000000
 3  2  -0.0616739749   0.0000000000   0.0000000000   0.0093006426   0.0000000000
 3  3   0.0000000000  -0.0088292432   0.0000000000   0.0000000000   0.0093006426
 3  4   0.0000000000   0.0000000000  -0.0616739749   0.0000000000   0.0000000000
 3  5  -0.0345884205   0.0000000000   0.0000000000   0.0029856918   0.0000000000
 3  6   0.0000000000   0.0067391782   0.0000000000   0.0000000000  -0.0006649871
 3  7   0.0000000000   0.0000000000   0.0067391782   0.0000000000   0.0000000000
 3  8   0.0029856918
 4  1  -0.1164248694  -0.0286491755   0.0000000000   0.6897583696   0.0215860636
 4  2   0.0000000000  -0.2812962038   0.1238376848   0.0000000000  -0.0522032245
 4  3  -0.0203923657   0.0000000000  -0.0153587651   0.0245235533   0.0000000000
 4  4   0.0279475225  -0.0258826897   0.0000000000   0.0028919064   0.0274519512
 4  5   0.0000000000  -0.2527672475  -0.1141856910   0.0000000000   0.0040240962
 4  6  -0.0031875895   0.0000000000  -0.0027687499  -0.0027266524   0.0000000000
 4  7   0.0004050314   0.0008455796   0.0000000000  -0.0042078659  -0.0032206686
 4  8   0.0000000000
 5  1   0.0286491755  -0.3362533152   0.0000000000   0.0215860636   0.6648329304
 5  2   0.0000000000   0.0665393337  -0.1713819809   0.0000000000   0.0203923657
 5  3   0.0546644382   0.0000000000   0.0245235533  -0.0436761254   0.0000000000
 5  4  -0.0666674211  -0.0254863088   0.0000000000  -0.0025339194  -0.0099849395
 5  5   0.0000000000  -0.1141856910  -0.1209169687   0.0000000000   0.0267982810
 5  6  -0.0111171294   0.0000000000  -0.0040515427  -0.0007741785   0.0000000000
 5  7   0.0008455796  -0.0005713598   0.0000000000  -0.0018957784   0.0006649375
 5  8   0.0000000000
 6  1   0.0000000000   0.0000000000  -0.0616739749   0.0000000000   0.0000000000
 6  2   0.1293795754   0.0000000000   0.0000000000  -0.0616739749   0.0000000000
 6  3   0.0000000000   0.0093006426   0.0000000000   0.0000000000  -0.0088292432
 6  4   0.0000000000   0.0000000000   0.0093006426   0.0000000000   0.0000000000
 6  5   0.0029856918   0.0000000000   0.0000000000  -0.0345884205   0.0000000000
 6  6   0.0000000000   0.0029856918   0.0000000000   0.0000000000   0.0067391782
 6  7   0.0000000000   0.0000000000  -0.0006649871   0.0000000000   0.0000000000
 6  8   0.0067391782
 7  1   0.0279475225   0.0666674211   0.0000000000  -0.2812962038   0.0665393337
 7  2   0.0000000000   0.6523702107   0.0000000000   0.0000000000  -0.2812962038
 7  3  -0.0665393337   0.0000000000   0.0279475225  -0.0666674211   0.0000000000
 7  4  -0.0578348055   0.0000000000   0.0000000000   0.0016622232  -0.0014933192
 7  5   0.0000000000  -0.0175555523   0.0143392652   0.0000000000  -0.0549918292
 7  6   0.0000000000   0.0000000000  -0.0175555523  -0.0143392652   0.0000000000
 7  7   0.0016622232   0.0014933192   0.0000000000  -0.0010595554   0.0000000000
 7  8   0.0000000000
 8  1   0.0258826897  -0.0254863088   0.0000000000   0.1238376848  -0.1713819809
 8  2   0.0000000000   0.0000000000   0.7022210893   0.0000000000  -0.1238376848
 8  3  -0.1713819809   0.0000000000  -0.0258826897  -0.0254863088   0.0000000000
 8  4   0.0000000000  -0.0012000850   0.0000000000  -0.0001684289  -0.0052051516
 8  5   0.0000000000  -0.0156466054   0.0104625192   0.0000000000   0.0000000000
 8  6  -0.3186923870   0.0000000000   0.0156466054   0.0104625192   0.0000000000
 8  7   0.0001684289  -0.0052051516   0.0000000000   0.0000000000   0.0008932270
 8  8   0.0000000000
 9  1   0.0000000000   0.0000000000   0.0093006426   0.0000000000   0.0000000000
 9  2  -0.0616739749   0.0000000000   0.0000000000   0.1293795754   0.0000000000
 9  3   0.0000000000  -0.0616739749   0.0000000000   0.0000000000   0.0093006426
 9  4   0.0000000000   0.0000000000  -0.0088292432   0.0000000000   0.0000000000
 9  5   0.0067391782   0.0000000000   0.0000000000   0.0029856918   0.0000000000
 9  6   0.0000000000  -0.0345884205   0.0000000000   0.0000000000   0.0029856918
 9  7   0.0000000000   0.0000000000   0.0067391782   0.0000000000   0.0000000000
 9  8  -0.0006649871
10  1  -0.0153587651  -0.0245235533   0.0000000000  -0.0522032245   0.0203923657
10  2   0.0000000000  -0.2812962038  -0.1238376848   0.0000000000   0.6897583696
10  3  -0.0215860636   0.0000000000  -0.1164248694   0.0286491755   0.0000000000
10  4   0.0279475225   0.0258826897   0.0000000000   0.0004050314  -0.0008455796
10  5   0.0000000000  -0.0027687499   0.0027266524   0.0000000000   0.0040240962
10  6   0.0031875895   0.0000000000  -0.2527672475   0.1141856910   0.0000000000
10  7   0.0028919064  -0.0274519512   0.0000000000  -0.0042078659   0.0032206686
10  8   0.0000000000
11  1  -0.0245235533  -0.0436761254   0.0000000000  -0.0203923657   0.0546644382
11  2   0.0000000000  -0.0665393337  -0.1713819809   0.0000000000  -0.0215860636
11  3   0.6648329304   0.0000000000  -0.0286491755  -0.3362533152   0.0000000000
11  4   0.0666674211  -0.0254863088   0.0000000000  -0.0008455796  -0.0005713598
11  5   0.0000000000   0.0040515427  -0.0007741785   0.0000000000  -0.0267982810
11  6  -0.0111171294   0.0000000000   0.1141856910  -0.1209169687   0.0000000000
11  7   0.0025339194  -0.0099849395   0.0000000000   0.0018957784   0.0006649375
11  8   0.0000000000
12  1   0.0000000000   0.0000000000  -0.0088292432   0.0000000000   0.0000000000
12  2   0.0093006426   0.0000000000   0.0000000000  -0.0616739749   0.0000000000
12  3   0.0000000000   0.1293795754   0.0000000000   0.0000000000  -0.0616739749
12  4   0.0000000000   0.0000000000   0.0093006426   0.0000000000   0.0000000000
12  5  -0.0006649871   0.0000000000   0.0000000000   0.0067391782   0.0000000000
12  6   0.0000000000   0.0029856918   0.0000000000   0.0000000000  -0.0345884205
12  7   0.0000000000   0.0000000000   0.0029856918   0.0000000000   0.0000000000
12  8   0.0067391782
13  1  -0.0522032245  -0.0203923657   0.0000000000  -0.0153587651   0.0245235533
13  2   0.0000000000   0.0279475225  -0.0258826897   0.0000000000  -0.1164248694
13  3  -0.0286491755   0.0000000000   0.6897583696   0.0215860636   0.0000000000
13  4  -0.2812962038   0.1238376848   0.0000000000  -0.0027687499  -0.0027266524
13  5   0.0000000000   0.0004050314   0.0008455796   0.0000000000  -0.0042078659
13  6  -0.0032206686   0.0000000000   0.0028919064   0.0274519512   0.0000000000
13  7  -0.2527672475  -0.1141856910   0.0000000000   0.0040240962  -0.0031875895
13  8   0.0000000000
14  1   0.0203923657   0.0546644382   0.0000000000   0.0245235533  -0.0436761254
14  2   0.0000000000  -0.0666674211  -0.0254863088   0.0000000000   0.0286491755
14  3  -0.3362533152   0.0000000000   0.0215860636   0.6648329304   0.0000000000
14  4   0.0665393337  -0.1713819809   0.0000000000  -0.0040515427  -0.0007741785
14  5   0.0000000000   0.0008455796  -0.0005713598   0.0000000000  -0.0018957784
14  6   0.0006649375   0.0000000000  -0.0025339194  -0.0099849395   0.0000000000
14  7  -0.1141856910  -0.1209169687   0.0000000000   0.0267982810  -0.0111171294
14  8   0.0000000000
15  1   0.0000000000   0.0000000000   0.0093006426   0.0000000000   0.0000000000
15  2  -0.0088292432   0.0000000000   0.0000000000   0.0093006426   0.0000000000
15  3   0.0000000000  -0.0616739749   0.0000000000   0.0000000000   0.1293795754
15  4   0.0000000000   0.0000000000  -0.0616739749   0.0000000000   0.0000000000
15  5   0.0067391782   0.0000000000   0.0000000000  -0.0006649871   0.0000000000
15  6   0.0000000000   0.0067391782   0.0000000000   0.0000000000   0.0029856918
15  7   0.0000000000   0.0000000000  -0.0345884205   0.0000000000   0.0000000000
15  8   0.0029856918
16  1  -0.2812962038  -0.0665393337   0.0000000000   0.0279475225  -0.0666674211
16  2   0.0000000000  -0.0578348055   0.0000000000   0.0000000000   0.0279475225
16  3   0.0666674211   0.0000000000  -0.2812962038   0.0665393337   0.0000000000
16  4   0.6523702107   0.0000000000   0.0000000000  -0.0175555523  -0.0143392652
16  5   0.0000000000   0.0016622232   0.0014933192   0.0000000000  -0.0010595554
16  6   0.0000000000   0.0000000000   0.0016622232  -0.0014933192   0.0000000000
16  7  -0.0175555523   0.0143392652   0.0000000000  -0.0549918292   0.0000000000
16  8   0.0000000000
17  1  -0.1238376848  -0.1713819809   0.0000000000  -0.0258826897  -0.0254863088
17  2   0.0000000000   0.0000000000  -0.0012000850   0.0000000000   0.0258826897
17  3  -0.0254863088   0.0000000000   0.1238376848  -0.1713819809   0.0000000000
17  4   0.0000000000   0.7022210893   0.0000000000   0.0156466054   0.0104625192
17  5   0.0000000000   0.0001684289  -0.0052051516   0.0000000000   0.0000000000
17  6   0.0008932270   0.0000000000  -0.0001684289  -0.0052051516   0.0000000000
17  7  -0.0156466054   0.0104625192   0.0000000000   0.0000000000  -0.3186923870
17  8   0.0000000000
18  1   0.0000000000   0.0000000000  -0.0616739749   0.0000000000   0.0000000000
18  2   0.0093006426   0.0000000000   0.0000000000  -0.0088292432   0.0000000000
18  3   0.0000000000   0.0093006426   0.0000000000   0.0000000000  -0.0616739749
18  4   0.0000000000   0.0000000000   0.1293795754   0.0000000000   0.0000000000
18  5   0.0029856918   0.0000000000   0.0000000000   0.0067391782   0.0000000000
18  6   0.0000000000  -0.0006649871   0.0000000000   0.0000000000   0.0067391782
18  7   0.0000000000   0.0000000000   0.0029856918   0.0000000000   0.0000000000
18  8  -0.0345884205
19  1  -0.2527672475   0.1141856910   0.0000000000   0.0028919064  -0.0025339194
19  2   0.0000000000   0.0016622232  -0.0001684289   0.0000000000   0.0004050314
19  3  -0.0008455796   0.0000000000  -0.0027687499  -0.0040515427   0.0000000000
19  4  -0.0175555523   0.0156466054   0.0000000000   0.2672425058  -0.1231307127
19  5   0.0000000000   0.0007284174   0.0002760500   0.0000000000   0.0000364821
19  6  -0.0001825600   0.0000000000  -0.0000299161   0.0001022728   0.0000000000
19  7  -0.0009575399   0.0007564588   0.0000000000   0.0011124395  -0.0000543347
19  8   0.0000000000
20  1   0.1141856910  -0.1209169687   0.0000000000   0.0274519512  -0.0099849395
20  2   0.0000000000  -0.0014933192  -0.0052051516   0.0000000000  -0.0008455796
20  3  -0.0005713598   0.0000000000  -0.0027266524  -0.0007741785   0.0000000000
20  4  -0.0143392652   0.0104625192   0.0000000000  -0.1231307127   0.1250634055
20  5   0.0000000000  -0.0002760500   0.0012404468   0.0000000000   0.0013303577
20  6  -0.0006261992   0.0000000000   0.0001022728   0.0000881783   0.0000000000
20  7  -0.0007564588   0.0003678228   0.0000000000   0.0004977652   0.0008564248
20  8   0.0000000000
21  1   0.0000000000   0.0000000000  -0.0345884205   0.0000000000   0.0000000000
21  2   0.0029856918   0.0000000000   0.0000000000   0.0067391782   0.0000000000
21  3   0.0000000000  -0.0006649871   0.0000000000   0.0000000000   0.0067391782
21  4   0.0000000000   0.0000000000   0.0029856918   0.0000000000   0.0000000000
21  5   0.0240506174   0.0000000000   0.0000000000  -0.0038199371   0.0000000000
21  6   0.0000000000   0.0002757586   0.0000000000   0.0000000000  -0.0011585929
21  7   0.0000000000   0.0000000000   0.0002757586   0.0000000000   0.0000000000
21  8  -0.0038199371
22  1   0.0028919064   0.0025339194   0.0000000000  -0.2527672475  -0.1141856910
22  2   0.0000000000  -0.0175555523  -0.0156466054   0.0000000000  -0.0027687499
22  3   0.0040515427   0.0000000000   0.0004050314   0.0008455796   0.0000000000
22  4   0.0016622232   0.0001684289   0.0000000000   0.0007284174  -0.0002760500
22  5   0.0000000000   0.2672425058   0.1231307127   0.0000000000   0.0011124395
22  6   0.0000543347   0.0000000000  -0.0009575399  -0.0007564588   0.0000000000
22  7  -0.0000299161  -0.0001022728   0.0000000000   0.0000364821   0.0001825600
22  8   0.0000000000
23  1  -0.0274519512  -0.0099849395   0.0000000000  -0.1141856910  -0.1209169687
23  2   0.0000000000   0.0143392652   0.0104625192   0.0000000000   0.0027266524
23  3  -0.0007741785   0.0000000000   0.0008455796  -0.0005713598   0.0000000000
23  4   0.0014933192  -0.0052051516   0.0000000000   0.0002760500   0.0012404468
23  5   0.0000000000   0.1231307127   0.1250634055   0.0000000000  -0.0004977652
23  6   0.0008564248   0.0000000000   0.0007564588   0.0003678228   0.0000000000
23  7  -0.0001022728   0.0000881783   0.0000000000  -0.0013303577  -0.0006261992
23  8   0.0000000000
24  1   0.0000000000   0.0000000000   0.0029856918   0.0000000000   0.0000000000
24  2  -0.0345884205   0.0000000000   0.0000000000   0.0029856918   0.0000000000
24  3   0.0000000000   0.0067391782   0.0000000000   0.0000000000  -0.0006649871
24  4   0.0000000000   0.0000000000   0.0067391782   0.0000000000   0.0000000000
24  5  -0.0038199371   0.0000000000   0.0000000000   0.0240506174   0.0000000000
24  6   0.0000000000  -0.0038199371   0.0000000000   0.0000000000   0.0002757586
24  7   0.0000000000   0.0000000000  -0.0011585929   0.0000000000   0.0000000000
24  8   0.0002757586
25  1  -0.0042078659   0.0018957784   0.0000000000   0.0040240962   0.0267982810
25  2   0.0000000000  -0.0549918292   0.0000000000   0.0000000000   0.0040240962
25  3  -0.0267982810   0.0000000000  -0.0042078659  -0.0018957784   0.0000000000
25  4  -0.0010595554   0.0000000000   0.0000000000   0.0000364821   0.0013303577
25  5   0.0000000000   0.0011124395  -0.0004977652   0.0000000000   0.0539738554
25  6   0.0000000000   0.0000000000   0.0011124395   0.0004977652   0.0000000000
25  7   0.0000364821  -0.0013303577   0.0000000000   0.0001472255   0.0000000000
25  8   0.0000000000
26  1   0.0032206686   0.0006649375   0.0000000000  -0.0031875895  -0.0111171294
26  2   0.0000000000   0.0000000000  -0.3186923870   0.0000000000   0.0031875895
26  3  -0.0111171294   0.0000000000  -0.0032206686   0.0006649375   0.0000000000
26  4   0.0000000000   0.0008932270   0.0000000000  -0.0001825600  -0.0006261992
26  5   0.0000000000   0.0000543347   0.0008564248   0.0000000000   0.0000000000
26  6   0.3383320559   0.0000000000  -0.0000543347   0.0008564248   0.0000000000
26  7   0.0001825600  -0.0006261992   0.0000000000   0.0000000000  -0.0000889634
26  8   0.0000000000
27  1   0.0000000000   0.0000000000   0.0067391782   0.0000000000   0.0000000000
27  2   0.0029856918   0.0000000000   0.0000000000  -0.0345884205   0.0000000000
27  3   0.0000000000   0.0029856918   0.0000000000   0.0000000000   0.0067391782
27  4   0.0000000000   0.0000000000  -0.0006649871   0.0000000000   0.0000000000
27  5   0.0002757586   0.0000000000   0.0000000000  -0.0038199371   0.0000000000
27  6   0.0000000000   0.0240506174   0.0000000000   0.0000000000  -0.0038199371
27  7   0.0000000000   0.0000000000   0.0002757586   0.0000000000   0.0000000000
27  8  -0.0011585929
28  1   0.0004050314  -0.0008455796   0.0000000000  -0.0027687499  -0.0040515427
28  2   0.0000000000  -0.0175555523   0.0156466054   0.0000000000  -0.2527672475
28  3   0.1141856910   0.0000000000   0.0028919064  -0.0025339194   0.0000000000
28  4   0.0016622232  -0.0001684289   0.0000000000  -0.0000299161   0.0001022728
28  5   0.0000000000  -0.0009575399   0.0007564588   0.0000000000   0.0011124395
28  6  -0.0000543347   0.0000000000   0.2672425058  -0.1231307127   0.0000000000
28  7   0.0007284174   0.0002760500   0.0000000000   0.0000364821  -0.0001825600
28  8   0.0000000000
29  1  -0.0008455796  -0.0005713598   0.0000000000  -0.0027266524  -0.0007741785
29  2   0.0000000000  -0.0143392652   0.0104625192   0.0000000000   0.1141856910
29  3  -0.1209169687   0.0000000000   0.0274519512  -0.0099849395   0.0000000000
29  4  -0.0014933192  -0.0052051516   0.0000000000   0.0001022728   0.0000881783
29  5   0.0000000000  -0.0007564588   0.0003678228   0.0000000000   0.0004977652
29  6   0.0008564248   0.0000000000  -0.1231307127   0.1250634055   0.0000000000
29  7  -0.0002760500   0.0012404468   0.0000000000   0.0013303577  -0.0006261992
29  8   0.0000000000
30  1   0.0000000000   0.0000000000  -0.0006649871   0.0000000000   0.0000000000
30  2   0.0067391782   0.0000000000   0.0000000000   0.0029856918   0.0000000000
30  3   0.0000000000  -0.0345884205   0.0000000000   0.0000000000   0.0029856918
30  4   0.0000000000   0.0000000000   0.0067391782   0.0000000000   0.0000000000
30  5  -0.0011585929   0.0000000000   0.0000000000   0.0002757586   0.0000000000
30  6   0.0000000000  -0.0038199371   0.0000000000   0.0000000000   0.0240506174
30  7   0.0000000000   0.0000000000  -0.0038199371   0.0000000000   0.0000000000
30  8   0.0002757586
31  1  -0.0027687499   0.0040515427   0.0000000000   0.0004050314   0.0008455796
31  2   0.0000000000   0.0016622232   0.0001684289   0.0000000000   0.0028919064
31  3   0.0025339194   0.0000000000  -0.2527672475  -0.1141856910   0.0000000000
31  4  -0.0175555523  -0.0156466054   0.0000000000  -0.0009575399  -0.0007564588
31  5   0.0000000000  -0.0000299161  -0.0001022728   0.0000000000   0.0000364821
31  6   0.0001825600   0.0000000000   0.0007284174  -0.0002760500   0.0000000000
31  7   0.2672425058   0.1231307127   0.0000000000   0.0011124395   0.0000543347
31  8   0.0000000000
32  1   0.0027266524  -0.0007741785   0.0000000000   0.0008455796  -0.0005713598
32  2   0.0000000000   0.0014933192  -0.0052051516   0.0000000000  -0.0274519512
32  3  -0.0099849395   0.0000000000  -0.1141856910  -0.1209169687   0.0000000000
32  4   0.0143392652   0.0104625192   0.0000000000   0.0007564588   0.0003678228
32  5   0.0000000000  -0.0001022728   0.0000881783   0.0000000000  -0.0013303577
32  6  -0.0006261992   0.0000000000   0.0002760500   0.0012404468   0.0000000000
32  7   0.1231307127   0.1250634055   0.0000000000  -0.0004977652   0.0008564248
32  8   0.0000000000
33  1   0.0000000000   0.0000000000   0.0067391782   0.0000000000   0.0000000000
33  2  -0.0006649871   0.0000000000   0.0000000000   0.0067391782   0.0000000000
33  3   0.0000000000   0.0029856918   0.0000000000   0.0000000000  -0.0345884205
33  4   0.0000000000   0.0000000000   0.0029856918   0.0000000000   0.0000000000
33  5   0.0002757586   0.0000000000   0.0000000000  -0.0011585929   0.0000000000
33  6   0.0000000000   0.0002757586   0.0000000000   0.0000000000  -0.0038199371
33  7   0.0000000000   0.0000000000   0.0240506174   0.0000000000   0.0000000000
33  8  -0.0038199371
34  1   0.0040240962  -0.0267982810   0.0000000000  -0.0042078659  -0.0018957784
34  2   0.0000000000  -0.0010595554   0.0000000000   0.0000000000  -0.0042078659
34  3   0.0018957784   0.0000000000   0.0040240962   0.0267982810   0.0000000000
34  4  -0.0549918292   0.0000000000   0.0000000000   0.0011124395   0.0004977652
34  5   0.0000000000   0.0000364821  -0.0013303577   0.0000000000   0.0001472255
34  6   0.0000000000   0.0000000000   0.0000364821   0.0013303577   0.0000000000
34  7   0.0011124395  -0.0004977652   0.0000000000   0.0539738554   0.0000000000
34  8   0.0000000000
35  1   0.0031875895  -0.0111171294   0.0000000000  -0.0032206686   0.0006649375
35  2   0.0000000000   0.0000000000   0.0008932270   0.0000000000   0.0032206686
35  3   0.0006649375   0.0000000000  -0.0031875895  -0.0111171294   0.0000000000
35  4   0.0000000000  -0.3186923870   0.0000000000  -0.0000543347   0.0008564248
35  5   0.0000000000   0.0001825600  -0.0006261992   0.0000000000   0.0000000000
35  6  -0.0000889634   0.0000000000  -0.0001825600  -0.0006261992   0.0000000000
35  7   0.0000543347   0.0008564248   0.0000000000   0.0000000000   0.3383320559
35  8   0.0000000000
36  1   0.0000000000   0.0000000000   0.0029856918   0.0000000000   0.0000000000
36  2   0.0067391782   0.0000000000   0.0000000000  -0.0006649871   0.0000000000
36  3   0.0000000000   0.0067391782   0.0000000000   0.0000000000   0.0029856918
36  4   0.0000000000   0.0000000000  -0.0345884205   0.0000000000   0.0000000000
36  5  -0.0038199371   0.0000000000   0.0000000000   0.0002757586   0.0000000000
36  6   0.0000000000  -0.0011585929   0.0000000000   0.0000000000   0.0002757586
36  7   0.0000000000   0.0000000000  -0.0038199371   0.0000000000   0.0000000000
36  8   0.0240506174
$end
