$vibrational normal modes
 1  1  -0.0081274298   0.1578139280   0.0163983486  -0.1406505197   0.0702018551
 1  2  -0.1610182760  -0.0000000000   0.0000000000  -0.1815475945  -0.2647442560
 1  3  -0.0000000000  -0.0000000000  -0.0000000000  -0.0000000000   0.0000000000
 1  4  -0.0000000000  -0.2519655590   0.0000000000  -0.2380313993   0.0739810574
 1  5  -0.0743977956   0.0099270513  -0.0279048350  -0.0080413342   0.0302312613
 1  6   0.1765584931  -0.1149984386  -0.0181389105  -0.0770053815   0.2068061470
 1  7   0.0291061567   0.0202264470   0.0373565280   0.0236790881  -0.0378391362
 1  8   0.0324479925
 2  1  -0.0113305999   0.2253235061   0.1612029329   0.1135016522  -0.0901348601
 2  2  -0.0181460784  -0.0000000000   0.0000000000   0.2220523035   0.0219511039
 2  3   0.0000000000   0.0000000000   0.0000000000   0.0000000000  -0.0000000000
 2  4   0.0000000000   0.1454723833  -0.0000000000   0.1374274925   0.0389340823
 2  5   0.0781387674   0.0171941572  -0.0431215892  -0.0245142010   0.0523620806
 2  6   0.3058082805  -0.0724350321   0.1238221654  -0.2982313189   0.0963532998
 2  7  -0.0168044474  -0.0137526745  -0.0203780315  -0.0100671794   0.0239046158
 2  8  -0.0187338572
 3  1  -0.2233137334   0.0205584441  -0.0989923183   0.2341199375   0.1894718336
 3  2  -0.0725552214  -0.1435238608   0.1891288153   0.0000000000   0.0000000000
 3  3   0.0341399982  -0.1917699790   0.0386745425  -0.0762608225  -0.0534783213
 3  4   0.0910415774  -0.0000000000  -0.0636005672   0.0000000000  -0.0000000000
 3  5  -0.0000000000   0.0000000000   0.0000000000  -0.0000000000   0.0000000000
 3  6   0.0000000000  -0.0000000000   0.0000000000  -0.0000000000   0.0000000000
 3  7  -0.0000000000   0.0000000000  -0.0000000000   0.0000000000  -0.0000000000
 3  8  -0.0000000000
 4  1   0.0000618407  -0.0013495694   0.0863851101  -0.1695532642   0.1777997144
 4  2  -0.0790518920  -0.0000000000  -0.0000000000   0.2726393200  -0.1694604713
 4  3  -0.0000000000   0.0000000000   0.0000000000   0.0000000000   0.0000000000
 4  4   0.0000000000   0.2519655590  -0.0000000000  -0.2380313993  -0.0891829539
 4  5  -0.0552687035   0.0099270513  -0.0265996380   0.0116534170  -0.0302312613
 4  6   0.1765584931   0.1033366820  -0.0536208086  -0.0926018902  -0.2003085150
 4  7  -0.0291061567   0.0204476802  -0.0372358928  -0.0240342999  -0.0376145167
 4  8   0.0324479925
 5  1  -0.0113305999   0.2253235061   0.1612029329   0.1135016522  -0.0901348601
 5  2  -0.0181460784  -0.0000000000   0.0000000000   0.2121524237   0.0691406217
 5  3  -0.0000000000   0.0000000000   0.0000000000   0.0000000000   0.0000000000
 5  4   0.0000000000   0.1454723833  -0.0000000000  -0.1374274925   0.0198049902
 5  5  -0.0850252439  -0.0171941572   0.0395095063  -0.0299902720   0.0523620806
 5  6  -0.3058082805  -0.1079169302  -0.0945129552   0.3047289510   0.0732539718
 5  7  -0.0168044474   0.0138733096  -0.0202960958  -0.0102917988  -0.0238087722
 5  8   0.0187338572
 6  1   0.0463073625  -0.0045832757  -0.0829719392   0.3036656535   0.1998587073
 6  2  -0.1779003243  -0.0920284282  -0.2188597172   0.0000000000  -0.0000000000
 6  3   0.0341399982   0.1917699790  -0.0467065384  -0.0716235476  -0.0521051582
 6  4  -0.0918343735   0.0000000000   0.0636005672  -0.0000000000   0.0000000000
 6  5   0.0000000000  -0.0000000000  -0.0000000000   0.0000000000  -0.0000000000
 6  6   0.0000000000  -0.0000000000  -0.0000000000   0.0000000000  -0.0000000000
 6  7  -0.0000000000   0.0000000000   0.0000000000   0.0000000000   0.0000000000
 6  8   0.0000000000
 7  1   0.0041564760  -0.0809313181   0.1213784908  -0.1840046365   0.2315986440
 7  2  -0.0380687000  -0.0000000000  -0.0000000000   0.1489388670   0.0312458560
 7  3   0.0000000000   0.0000000000  -0.0000000000   0.0000000000   0.0000000000
 7  4  -0.0000000000  -0.0000000000  -0.0000000000   0.0000000000   0.0089653315
 7  5   0.0764709292  -0.0198541026  -0.0037807540  -0.0570496338  -0.0604625227
 7  6  -0.3531169862   0.0248973468   0.1532039014   0.0134253688   0.3504415369
 7  7  -0.0000000000  -0.0000061435   0.0020713829   0.0000169203   0.0035941796
 7  8   0.0000000000
 8  1  -0.0042384836   0.0874838740   0.2218132463   0.0884711412   0.0030476194
 8  2   0.0528388924   0.0000000000   0.0000000000  -0.0739378085   0.3524375654
 8  3   0.0000000000  -0.0000000000  -0.0000000000  -0.0000000000   0.0000000000
 8  4  -0.0000000000  -0.2909447667   0.0000000000  -0.2748549849  -0.1119346425
 8  5   0.0131230415  -0.0000000000   0.0058867105  -0.0003901200  -0.0000000000
 8  6  -0.0000000000   0.0989077798  -0.0160736200  -0.1545959290   0.0059225495
 8  7   0.0336088948  -0.0490378195  -0.0001454410  -0.0515004951   0.0002424479
 8  8   0.0374677144
 9  1   0.1854451119  -0.1018674601   0.0451589664   0.1936495623   0.0289221776
 9  2  -0.2926667129   0.2355522891   0.0297309019   0.0000000000   0.0000000000
 9  3   0.0341399982  -0.1917699790  -0.0853810809   0.0046372750   0.1055834795
 9  4   0.0007927961  -0.0000000000  -0.0636005672   0.0000000000  -0.0000000000
 9  5  -0.0000000000  -0.0000000000  -0.0000000000  -0.0000000000   0.0000000000
 9  6   0.0000000000   0.0000000000  -0.0000000000   0.0000000000  -0.0000000000
 9  7  -0.0000000000   0.0000000000  -0.0000000000   0.0000000000  -0.0000000000
 9  8  -0.0000000000
10  1   0.0000618407  -0.0013495694   0.0863851101  -0.1695532642   0.1777997144
10  2  -0.0790518920  -0.0000000000  -0.0000000000   0.1815475945   0.2647442560
10  3   0.0000000000   0.0000000000  -0.0000000000  -0.0000000000  -0.0000000000
10  4  -0.0000000000  -0.2519655590   0.0000000000   0.2380313993   0.0739810574
10  5  -0.0743977956   0.0099270513   0.0279048350   0.0080413342  -0.0302312613
10  6   0.1765584931  -0.1149984386  -0.0181389105   0.0770053815  -0.2068061470
10  7   0.0291061567  -0.0202264470  -0.0373565280   0.0236790881  -0.0378391362
10  8  -0.0324479925
11  1   0.0028536328  -0.0503557581   0.2824235596   0.0634406302   0.0962300989
11  2   0.1238238632   0.0000000000   0.0000000000  -0.2220523035  -0.0219511039
11  3  -0.0000000000  -0.0000000000   0.0000000000  -0.0000000000   0.0000000000
11  4   0.0000000000   0.1454723833  -0.0000000000  -0.1374274925   0.0389340823
11  5   0.0781387674   0.0171941572   0.0431215892   0.0245142010  -0.0523620806
11  6   0.3058082805  -0.0724350321   0.1238221654   0.2982313189  -0.0963532998
11  7  -0.0168044474   0.0137526745   0.0203780315  -0.0100671794   0.0239046158
11  8   0.0187338572
12  1   0.0549617654  -0.1740099248   0.1572694929   0.0140877549  -0.1524012258
12  2  -0.3020879986  -0.1435238608   0.1891288153  -0.0000000000   0.0000000000
12  3   0.0341399982   0.1917699790  -0.0386745425   0.0762608225  -0.0534783213
12  4   0.0910415774  -0.0000000000   0.0636005672   0.0000000000   0.0000000000
12  5   0.0000000000  -0.0000000000   0.0000000000  -0.0000000000   0.0000000000
12  6  -0.0000000000   0.0000000000   0.0000000000  -0.0000000000   0.0000000000
12  7  -0.0000000000   0.0000000000   0.0000000000  -0.0000000000   0.0000000000
12  8  -0.0000000000
13  1  -0.0081274298   0.1578139280   0.0163983486  -0.1406505197   0.0702018551
13  2  -0.1610182760   0.0000000000   0.0000000000  -0.2726393200   0.1694604713
13  3  -0.0000000000  -0.0000000000  -0.0000000000  -0.0000000000  -0.0000000000
13  4   0.0000000000   0.2519655590  -0.0000000000   0.2380313993  -0.0891829539
13  5  -0.0552687035   0.0099270513   0.0265996380  -0.0116534170   0.0302312613
13  6   0.1765584931   0.1033366820  -0.0536208086   0.0926018902   0.2003085150
13  7  -0.0291061567  -0.0204476802   0.0372358928  -0.0240342999  -0.0376145167
13  8  -0.0324479925
14  1   0.0028536328  -0.0503557581   0.2824235596   0.0634406302   0.0962300989
14  2   0.1238238632   0.0000000000   0.0000000000  -0.2121524237  -0.0691406217
14  3  -0.0000000000  -0.0000000000   0.0000000000  -0.0000000000  -0.0000000000
14  4   0.0000000000   0.1454723833  -0.0000000000   0.1374274925   0.0198049902
14  5  -0.0850252439  -0.0171941572  -0.0395095063   0.0299902720  -0.0523620806
14  6  -0.3058082805  -0.1079169302  -0.0945129552  -0.3047289510  -0.0732539718
14  7  -0.0168044474  -0.0138733096   0.0202960958  -0.0102917988  -0.0238087722
14  8  -0.0187338572
15  1  -0.2146593305  -0.1488682051   0.1412491139  -0.0554579611  -0.1627880996
15  2  -0.1967428957  -0.0920284282  -0.2188597172   0.0000000000   0.0000000000
15  3   0.0341399982  -0.1917699790   0.0467065384   0.0716235476  -0.0521051582
15  4  -0.0918343735   0.0000000000  -0.0636005672  -0.0000000000   0.0000000000
15  5  -0.0000000000  -0.0000000000  -0.0000000000  -0.0000000000   0.0000000000
15  6  -0.0000000000  -0.0000000000  -0.0000000000   0.0000000000  -0.0000000000
15  7  -0.0000000000   0.0000000000  -0.0000000000   0.0000000000  -0.0000000000
15  8  -0.0000000000
16  1  -0.0122220651   0.2373956767  -0.0185950321  -0.1261991475   0.0164029255
16  2  -0.2020014679  -0.0000000000   0.0000000000  -0.1489388670  -0.0312458560
16  3  -0.0000000000  -0.0000000000  -0.0000000000  -0.0000000000   0.0000000000
16  4   0.0000000000   0.0000000000  -0.0000000000  -0.0000000000   0.0089653315
16  5   0.0764709292  -0.0198541026   0.0037807540   0.0570496338   0.0604625227
16  6  -0.3531169862   0.0248973468   0.1532039014  -0.0134253688  -0.3504415369
16  7  -0.0000000000   0.0000061435  -0.0020713829   0.0000169203   0.0035941796
16  8   0.0000000000
17  1  -0.0042384836   0.0874838740   0.2218132463   0.0884711412   0.0030476194
17  2   0.0528388924  -0.0000000000   0.0000000000   0.0739378085  -0.3524375654
17  3  -0.0000000000   0.0000000000   0.0000000000   0.0000000000  -0.0000000000
17  4  -0.0000000000  -0.2909447667   0.0000000000   0.2748549849  -0.1119346425
17  5   0.0131230415   0.0000000000  -0.0058867105   0.0003901200  -0.0000000000
17  6   0.0000000000   0.0989077798  -0.0160736200   0.1545959290  -0.0059225495
17  7   0.0336088948   0.0490378195   0.0001454410  -0.0515004951   0.0002424479
17  8  -0.0374677144
18  1  -0.3537970799  -0.0515840206   0.0131182083   0.0545581301   0.0081484301
18  2  -0.0819765071   0.2355522891   0.0297309019  -0.0000000000  -0.0000000000
18  3   0.0341399982   0.1917699790   0.0853810809  -0.0046372750   0.1055834795
18  4   0.0007927961   0.0000000000   0.0636005672  -0.0000000000  -0.0000000000
18  5   0.0000000000  -0.0000000000   0.0000000000  -0.0000000000  -0.0000000000
18  6   0.0000000000  -0.0000000000   0.0000000000   0.0000000000  -0.0000000000
18  7  -0.0000000000  -0.0000000000   0.0000000000   0.0000000000   0.0000000000
18  8   0.0000000000
19  1  -0.0113396427   0.2202452559  -0.0110537150  -0.1293135188   0.0279969694
19  2  -0.1931693048  -0.0000000000   0.0000000000  -0.3073300288  -0.1223011490
19  3  -0.0000000000   0.0000000000  -0.0000000000  -0.0000000000   0.0000000000
19  4  -0.0000000000  -0.2480188643   0.0000000000  -0.2614212175   0.2932541133
19  5   0.0112721877   0.2038826141  -0.2597296292  -0.1227273331  -0.2018730728
19  6  -0.1024390804   0.1394668087  -0.2506692120   0.2473165694   0.0217638593
19  7  -0.3523532768  -0.2470451418  -0.4326203485  -0.2487634404   0.4314037045
19  8  -0.3520612557
20  1  -0.0168943158   0.3334577379   0.1136545640   0.1331379138  -0.1632358665
20  2  -0.0738332938  -0.0000000000   0.0000000000   0.0018938267   0.2666126451
20  3  -0.0000000000  -0.0000000000   0.0000000000   0.0000000000   0.0000000000
20  4   0.0000000000   0.1431937581  -0.0000000000   0.1509316103   0.4113197349
20  5   0.2437101007   0.3531350463  -0.4451768237  -0.2220938765  -0.3496544187
20  6  -0.1774296918   0.3963330412  -0.2446119084   0.2435750909  -0.2558141282
20  7   0.2034312592   0.1444050914   0.2487565383   0.1394564816  -0.2514508686
20  8   0.2032626608
21  1  -0.3324663291   0.0968772095  -0.1995101217   0.3204267952   0.3235703511
21  2   0.0174782115  -0.3181388881   0.4192280689  -0.0000000000   0.0000000000
21  3  -0.4068182975  -0.3604038593  -0.2582541511   0.5092412920   0.2874895746
21  4  -0.4894226989   0.0000000000   0.4032637282  -0.0000000000   0.0000000000
21  5   0.0000000000  -0.0000000000  -0.0000000000   0.0000000000  -0.0000000000
21  6  -0.0000000000  -0.0000000000  -0.0000000000   0.0000000000  -0.0000000000
21  7   0.0000000000  -0.0000000000  -0.0000000000  -0.0000000000  -0.0000000000
21  8   0.0000000000
22  1   0.0032740536  -0.0637808972   0.1138371737  -0.1808902652   0.2200046001
22  2  -0.0469008632  -0.0000000000  -0.0000000000   0.3305699930   0.0115237729
22  3   0.0000000000  -0.0000000000  -0.0000000000   0.0000000000  -0.0000000000
22  4   0.0000000000   0.2480188643  -0.0000000000  -0.2614212175  -0.2826947165
22  5   0.0787955230   0.2038826141  -0.2412627252   0.1559287530   0.2018730728
22  6  -0.1024390804  -0.2116665174  -0.1936061208   0.2449265896  -0.0406216294
22  7   0.3523532768  -0.2496069854   0.4311473308   0.2528141471   0.4290424368
22  8  -0.3520612557
23  1  -0.0168943158   0.3334577379   0.1136545640   0.1331379138  -0.1632358665
23  2  -0.0738332938  -0.0000000000   0.0000000000   0.1088835494  -0.2433726808
23  3   0.0000000000  -0.0000000000  -0.0000000000  -0.0000000000   0.0000000000
23  4   0.0000000000   0.1431937581  -0.0000000000  -0.1509316103   0.3437963997
23  5  -0.3322387291  -0.3531350463   0.4119754038  -0.2788984780  -0.3496544187
23  6   0.1774296918   0.4533961324   0.1065214177  -0.2624328610  -0.2364290307
23  7   0.2034312592  -0.1458781091   0.2478955890   0.1418177493   0.2501267190
23  8  -0.2032626608
24  1   0.1486706395   0.0520119857  -0.1709218668   0.4445306414   0.3421056550
24  2  -0.1705093912  -0.2039927136  -0.4851303935  -0.0000000000   0.0000000000
24  3  -0.4068182975   0.3604038593   0.3118888199   0.4782753015   0.2801077031
24  4   0.4936846243  -0.0000000000  -0.4032637282   0.0000000000  -0.0000000000
24  5   0.0000000000  -0.0000000000   0.0000000000  -0.0000000000  -0.0000000000
24  6  -0.0000000000  -0.0000000000   0.0000000000  -0.0000000000   0.0000000000
24  7   0.0000000000  -0.0000000000   0.0000000000  -0.0000000000   0.0000000000
24  8   0.0000000000
25  1   0.0105809017  -0.2057939737   0.1762826180  -0.2066786384   0.3160084155
25  2   0.0262333576  -0.0000000000   0.0000000000  -0.2230139890  -0.0467860615
25  3  -0.0000000000  -0.0000000000  -0.0000000000  -0.0000000000   0.0000000000
25  4  -0.0000000000   0.0000000000  -0.0000000000   0.0000000000   0.0637566221
25  5   0.5438201733  -0.4077652281  -0.0379867251  -0.5732001491   0.4037461455
25  6   0.2048781607  -0.0855179409  -0.5262280470  -0.0151363181  -0.3951023361
25  7   0.0000000000   0.0000052511  -0.0017704806  -0.0000195645  -0.0041558621
25  8  -0.0000000000
26  1  -0.0042384836   0.0874838740   0.2218132463   0.0884711412   0.0030476194
26  2   0.0528388924   0.0000000000   0.0000000000  -0.0736212607   0.3509286848
26  3  -0.0000000000   0.0000000000  -0.0000000000  -0.0000000000   0.0000000000
26  4  -0.0000000000  -0.2863875162   0.0000000000  -0.3018632206  -0.1212282506
26  5   0.0142126095  -0.0000000000   0.0052959923  -0.0003509723  -0.0000000000
26  6  -0.0000000000   0.1207742063  -0.0196271588  -0.1732911045   0.0066387592
26  7  -0.4068625184   0.5752549593   0.0017061454   0.5750160483  -0.0027069926
26  8  -0.4065253215
27  1   0.3969609846  -0.1215909642   0.0577268422   0.2482076924   0.0370706078
27  2  -0.3753092127   0.5221316017   0.0659023246   0.0000000000   0.0000000000
27  3  -0.4068182975  -0.3604038593   0.5701429711  -0.0309659905  -0.5675972777
27  4  -0.0042619255   0.0000000000   0.4032637282  -0.0000000000   0.0000000000
27  5   0.0000000000  -0.0000000000  -0.0000000000   0.0000000000  -0.0000000000
27  6  -0.0000000000   0.0000000000  -0.0000000000  -0.0000000000  -0.0000000000
27  7   0.0000000000  -0.0000000000  -0.0000000000  -0.0000000000  -0.0000000000
27  8   0.0000000000
28  1   0.0032740536  -0.0637808972   0.1138371737  -0.1808902652   0.2200046001
28  2  -0.0469008632  -0.0000000000  -0.0000000000   0.3073300288   0.1223011490
28  3  -0.0000000000  -0.0000000000   0.0000000000   0.0000000000  -0.0000000000
28  4  -0.0000000000  -0.2480188643   0.0000000000   0.2614212175   0.2932541133
28  5   0.0112721877   0.2038826141   0.2597296292   0.1227273331   0.2018730728
28  6  -0.1024390804   0.1394668087  -0.2506692120  -0.2473165694  -0.0217638593
28  7  -0.3523532768   0.2470451418   0.4326203485  -0.2487634404   0.4314037045
28  8   0.3520612557
29  1   0.0084173487  -0.1584899899   0.3299719285   0.0438043686   0.1693311054
29  2   0.1795110786   0.0000000000  -0.0000000000  -0.0018938267  -0.2666126451
29  3   0.0000000000   0.0000000000   0.0000000000   0.0000000000   0.0000000000
29  4   0.0000000000   0.1431937581  -0.0000000000  -0.1509316103   0.4113197349
29  5   0.2437101007   0.3531350463   0.4451768237   0.2220938765   0.3496544187
29  6  -0.1774296918   0.3963330412  -0.2446119084  -0.2435750909   0.2558141282
29  7   0.2034312592  -0.1444050914  -0.2487565383   0.1394564816  -0.2514508686
29  8  -0.2032626608
30  1   0.1641143612  -0.2503286902   0.2577872964  -0.0722191028  -0.2864997434
30  2  -0.3921214315  -0.3181388881   0.4192280689   0.0000000000  -0.0000000000
30  3  -0.4068182975   0.3604038593   0.2582541511  -0.5092412920   0.2874895746
30  4  -0.4894226989   0.0000000000  -0.4032637282   0.0000000000   0.0000000000
30  5  -0.0000000000   0.0000000000  -0.0000000000   0.0000000000  -0.0000000000
30  6   0.0000000000   0.0000000000  -0.0000000000   0.0000000000  -0.0000000000
30  7   0.0000000000  -0.0000000000   0.0000000000  -0.0000000000   0.0000000000
30  8   0.0000000000
31  1  -0.0113396427   0.2202452559  -0.0110537150  -0.1293135188   0.0279969694
31  2  -0.1931693048   0.0000000000   0.0000000000  -0.3305699930  -0.0115237729
31  3  -0.0000000000   0.0000000000   0.0000000000   0.0000000000  -0.0000000000
31  4   0.0000000000   0.2480188643   0.0000000000   0.2614212175  -0.2826947165
31  5   0.0787955230   0.2038826141   0.2412627252  -0.1559287530  -0.2018730728
31  6  -0.1024390804  -0.2116665174  -0.1936061208  -0.2449265896   0.0406216294
31  7   0.3523532768   0.2496069854  -0.4311473308   0.2528141471   0.4290424368
31  8   0.3520612557
32  1   0.0084173487  -0.1584899899   0.3299719285   0.0438043686   0.1693311054
32  2   0.1795110786   0.0000000000  -0.0000000000  -0.1088835494   0.2433726808
32  3  -0.0000000000   0.0000000000   0.0000000000  -0.0000000000   0.0000000000
32  4   0.0000000000   0.1431937581  -0.0000000000   0.1509316103   0.3437963997
32  5  -0.3322387291  -0.3531350463  -0.4119754038   0.2788984780   0.3496544187
32  6   0.1774296918   0.4533961324   0.1065214177   0.2624328610   0.2364290307
32  7   0.2034312592   0.1458781091  -0.2478955890   0.1418177493   0.2501267190
32  8   0.2032626608
33  1  -0.3170226074  -0.2054634664   0.2291990415  -0.1963229490  -0.3050350473
33  2  -0.2041338288  -0.2039927136  -0.4851303935   0.0000000000  -0.0000000000
33  3  -0.4068182975  -0.3604038593  -0.3118888199  -0.4782753015   0.2801077031
33  4   0.4936846243  -0.0000000000   0.4032637282   0.0000000000  -0.0000000000
33  5   0.0000000000   0.0000000000   0.0000000000  -0.0000000000  -0.0000000000
33  6   0.0000000000   0.0000000000   0.0000000000  -0.0000000000   0.0000000000
33  7   0.0000000000  -0.0000000000  -0.0000000000  -0.0000000000  -0.0000000000
33  8   0.0000000000
34  1  -0.0186464909   0.3622583324  -0.0734991593  -0.1035251456  -0.0680068460
34  2  -0.2663035256  -0.0000000000   0.0000000000   0.2230139890   0.0467860615
34  3   0.0000000000  -0.0000000000   0.0000000000   0.0000000000  -0.0000000000
34  4  -0.0000000000   0.0000000000  -0.0000000000   0.0000000000   0.0637566221
34  5   0.5438201733  -0.4077652281   0.0379867251   0.5732001491  -0.4037461455
34  6   0.2048781607  -0.0855179409  -0.5262280470   0.0151363181   0.3951023361
34  7   0.0000000000  -0.0000052511   0.0017704806  -0.0000195645  -0.0041558621
34  8  -0.0000000000
35  1  -0.0042384836   0.0874838740   0.2218132463   0.0884711412   0.0030476194
35  2   0.0528388924  -0.0000000000   0.0000000000   0.0736212607  -0.3509286848
35  3  -0.0000000000   0.0000000000  -0.0000000000   0.0000000000  -0.0000000000
35  4  -0.0000000000  -0.2863875162   0.0000000000   0.3018632206  -0.1212282506
35  5   0.0142126095   0.0000000000  -0.0052959923   0.0003509723  -0.0000000000
35  6   0.0000000000   0.1207742063  -0.0196271588   0.1732911045  -0.0066387592
35  7  -0.4068625184  -0.5752549593  -0.0017061454   0.5750160483  -0.0027069926
35  8   0.4065253215
36  1  -0.5653129526  -0.0318605165   0.0005503325   0.0000000000   0.0000000000
36  2   0.0006659927   0.5221316017   0.0659023246   0.0000000000  -0.0000000000
36  3  -0.4068182975   0.3604038593  -0.5701429711   0.0309659905  -0.5675972777
36  4  -0.0042619255  -0.0000000000  -0.4032637282   0.0000000000   0.0000000000
36  5  -0.0000000000   0.0000000000   0.0000000000  -0.0000000000   0.0000000000
36  6   0.0000000000  -0.0000000000   0.0000000000   0.0000000000   0.0000000000
36  7   0.0000000000  -0.0000000000   0.0000000000  -0.0000000000   0.0000000000
36  8   0.0000000000
$end
